119
120
121
122
123
177
178
179
180
181
195
196
197
199
201
202
203
236
237
238
253
254
255
257
259
260
261
266
270
271
295
311
312
313
315
317
318
319
369
370
371
373
375
376
377
428
429
431
433
434
441
442
467
468
469
473
474
498
499
500
501
525
526
527
531
532
699
700
701
702
703
705
706
708
709
710
712
713
715
716
718
720
721
723
724
726
728
729
733
734
736
737
739
740
757
758
759
760
761
763
764
766
767
768
770
771
786
787
791
792
794
795
797
798
815
816
817
818
819
844
845
873
874
875
876
877
879
880
882
883
885
886
887
888
891
893
894
896
902
903
909
931
932
933
934
935
937
938
940
941
943
944
945
946
948
949
951
952
954
955
957
958
960
961
966
967
969
989
990
991
992
993
998
999
1015
1016
1023
1024
1025
1027
1028
1056
1057